INIMIGO 1 1000 480 50
INIMIGO 1 1000 462 50
INIMIGO 1 1000 444 50
INIMIGO 1 1000 426 50
INIMIGO 1 1000 408 50
INIMIGO 1 1000 390 50
INIMIGO 1 1000 372 50
INIMIGO 1 1000 354 50
INIMIGO 1 1000 336 50
INIMIGO 1 1000 318 50
INIMIGO 1 1000 300 50
INIMIGO 1 1000 282 50
INIMIGO 1 1000 264 50
INIMIGO 1 1000 192 50
INIMIGO 1 1000 174 50
INIMIGO 1 1000 156 50
INIMIGO 1 1000 138 50
INIMIGO 1 1000 120 50
INIMIGO 1 1000 102 50
INIMIGO 1 1000 84 50
INIMIGO 1 1000 66 50
INIMIGO 1 1000 48 50
INIMIGO 1 1000 30 50
INIMIGO 1 1000 12 50
INIMIGO 1 3000 480 50
INIMIGO 1 3000 462 50
INIMIGO 1 3000 444 50
INIMIGO 1 3000 426 50
INIMIGO 1 3000 408 50
INIMIGO 1 3000 390 50
INIMIGO 1 3000 372 50
INIMIGO 1 3000 354 50
INIMIGO 1 3000 336 50
INIMIGO 1 3000 318 50
INIMIGO 1 3000 300 50
INIMIGO 1 3000 282 50
INIMIGO 1 3000 264 50
INIMIGO 1 3000 246 50
INIMIGO 1 3000 228 50
INIMIGO 1 3000 210 50
INIMIGO 1 3000 156 50
INIMIGO 1 3000 138 50
INIMIGO 1 3000 120 50
INIMIGO 1 3000 102 50
INIMIGO 1 3000 84 50
INIMIGO 1 3000 66 50
INIMIGO 1 3000 48 50
INIMIGO 1 3000 30 50
INIMIGO 1 3000 12 50
INIMIGO 1 5000 480 50
INIMIGO 1 5000 462 50
INIMIGO 1 5000 444 50
INIMIGO 1 5000 426 50
INIMIGO 1 5000 408 50
INIMIGO 1 5000 390 50
INIMIGO 1 5000 372 50
INIMIGO 1 5000 354 50
INIMIGO 1 5000 336 50
INIMIGO 1 5000 318 50
INIMIGO 1 5000 300 50
INIMIGO 1 5000 282 50
INIMIGO 1 5000 264 50
INIMIGO 1 5000 246 50
INIMIGO 1 5000 228 50
INIMIGO 1 5000 210 50
INIMIGO 1 5000 192 50
INIMIGO 1 5000 174 50
INIMIGO 1 5000 156 50
INIMIGO 1 5000 138 50
INIMIGO 1 5000 84 50
INIMIGO 1 5000 66 50
INIMIGO 1 5000 48 50
INIMIGO 1 5000 30 50
INIMIGO 1 5000 12 50
INIMIGO 1 7000 480 50
INIMIGO 1 7000 462 50
INIMIGO 1 7000 408 50
INIMIGO 1 7000 390 50
INIMIGO 1 7000 372 50
INIMIGO 1 7000 354 50
INIMIGO 1 7000 336 50
INIMIGO 1 7000 318 50
INIMIGO 1 7000 300 50
INIMIGO 1 7000 282 50
INIMIGO 1 7000 264 50
INIMIGO 1 7000 246 50
INIMIGO 1 7000 228 50
INIMIGO 1 7000 210 50
INIMIGO 1 7000 192 50
INIMIGO 1 7000 174 50
INIMIGO 1 7000 156 50
INIMIGO 1 7000 138 50
INIMIGO 1 7000 120 50
INIMIGO 1 7000 102 50
INIMIGO 1 7000 84 50
INIMIGO 1 7000 66 50
INIMIGO 1 7000 48 50
INIMIGO 1 7000 30 50
INIMIGO 1 7000 12 50
INIMIGO 1 9000 480 50
INIMIGO 1 9000 462 50
INIMIGO 1 9000 444 50
INIMIGO 1 9000 426 50
INIMIGO 1 9000 408 50
INIMIGO 1 9000 390 50
INIMIGO 1 9000 372 50
INIMIGO 1 9000 354 50
INIMIGO 1 9000 336 50
INIMIGO 1 9000 318 50
INIMIGO 1 9000 300 50
INIMIGO 1 9000 282 50
INIMIGO 1 9000 264 50
INIMIGO 1 9000 246 50
INIMIGO 1 9000 228 50
INIMIGO 1 9000 210 50
INIMIGO 1 9000 192 50
INIMIGO 1 9000 174 50
INIMIGO 1 9000 156 50
INIMIGO 1 9000 138 50
INIMIGO 1 9000 120 50
INIMIGO 1 9000 102 50
INIMIGO 1 9000 84 50
INIMIGO 1 9000 12 50
INIMIGO 1 11000 480 50
INIMIGO 1 11000 462 50
INIMIGO 1 11000 444 50
INIMIGO 1 11000 426 50
INIMIGO 1 11000 408 50
INIMIGO 1 11000 390 50
INIMIGO 1 11000 336 50
INIMIGO 1 11000 318 50
INIMIGO 1 11000 300 50
INIMIGO 1 11000 282 50
INIMIGO 1 11000 264 50
INIMIGO 1 11000 246 50
INIMIGO 1 11000 228 50
INIMIGO 1 11000 210 50
INIMIGO 1 11000 192 50
INIMIGO 1 11000 174 50
INIMIGO 1 11000 156 50
INIMIGO 1 11000 138 50
INIMIGO 1 11000 120 50
INIMIGO 1 11000 102 50
INIMIGO 1 11000 84 50
INIMIGO 1 11000 66 50
INIMIGO 1 11000 48 50
INIMIGO 1 11000 30 50
INIMIGO 1 11000 12 50
INIMIGO 2 14000 100 100
CHEFE 1 100 20000 200 200
INIMIGO 1 19000 174 50
INIMIGO 1 21000 156 50
INIMIGO 1 23000 138 50
INIMIGO 1 25000 120 50
INIMIGO 1 27000 102 50
INIMIGO 1 29000 84 50
INIMIGO 1 31000 66 50
INIMIGO 1 33000 174 50
INIMIGO 1 35000 156 50
INIMIGO 1 37000 138 50
INIMIGO 1 39000 120 50
INIMIGO 1 41000 102 50
INIMIGO 1 43000 84 50
INIMIGO 1 45000 66 50
